2001 158.3 152.5 155.1 160.7 163.7 167.4 172.0 175.8 177.1 177.3 180.3 179.1 
2002 177.6 179.7 178.2 174.4 171.3 166.9 161.5 155.4 149.5 143.9 136.0 131.4 
2003 129.6 125.7 118.7 111.9 107.0 101.7  96.0  92.9  91.8  89.1  86.9  84.1 
2004  80.1  76.4  73.2  71.0  69.5  67.1  64.8  63.0  60.2  57.9  56.6  55.7 
2005  54.5  53.2  52.3  49.3  45.0  44.5  44.6  41.9  39.4  38.9  38.4  36.0 
2006  33.0  29.7  27.4  27.0  27.4  26.2  25.0  25.9  26.0  23.7  21.1  20.2 
2007  19.8  19.0  17.7  16.4  14.4  12.8  11.6   9.9   9.6   9.9   9.2   7.9 
2008   6.6   5.6   5.1   5.1   5.3   4.8   4.0   3.8   3.2   2.4   2.3   2.2 
2009   2.5   2.7   2.9   3.3   3.5   4.1   5.5   7.4   9.5  10.9  11.7  12.7 
2010  14.0  16.1  18.5  20.8  23.1  24.6  25.2  26.4  29.5  34.5  39.1  42.5 
2011  45.7  48.8  53.8  61.1  69.3  77.2  83.6  86.3  86.6  87.4  89.4  92.5 
2012  95.5  98.2  98.3  95.1  90.9  86.6  84.5  85.1  85.3  85.8  87.7  88.1 
2013  86.8  86.1  84.4  84.3  87.0  90.9  94.6  99.0 104.7 107.0 106.9 107.6 
2014 109.3 110.5 114.3 116.4 115.0 114.1 112.6 108.3 101.9  97.3  94.7  92.2 
2015  89.3  86.1  82.2  78.9  76.1  72.1  68.3  66.4  65.9  64.3  61.2  57.8 
2016  54.4  52.5  50.4  47.8  44.8  41.5  38.5  36.0  33.2  31.5  29.9  28.5 
2017  27.8  26.5  25.8  24.9  24.1  24.1  23.9  23.4  23.2  22.6  21.9  21.7
2018  21.5  20.6  18.6  17.4  17.0  16.1  15.4  14.8  14.3  14.0  13.7  13.2
2019   2.7   2.4   2.1   1.5   1.5   1.5   1.5   1.5   1.5   1.5   1.5   1.5
2020   8.1   9.9  12    14.5  17.3  18.5  21.0	24.1  28.1  32.0  35.7  39.6
2021  23.0  25.0  27.0  31.0  35.0  37.0  40.0  42.0  46.0  48.0  50.0  52.0
2022  45.0  47.0  50.0  53.4  57.2  60.6  64.0  66.7  67.9  68.0  67.7  68.0